79230324405
79086617781 
79222688117
79275860004
79213099099
79139631933
79116548221
79997455775
79094055552
79659988882
79271033107
79606559437
79661056050
79288479608
79857148237
79603255639
79841908173
79278714442
79633236616
79232800459
79087763768
79679049224
79281848464
79258448535
79065481891
79807512109
79111074077
79104565699
79962374905
79095973989
79269855522
79252711717
79049615506
79191545211
79056806588
79521197250
79999797273
79055259892
79219817214
79183081979
79885835001
79175098903
79116937871
79603553636
79173797600
79996021159
79688504752